MoSES_2PDF_landslide/Data/hsiaolin_landslide_asc/shiaolin_topo_20m.asc
ncols        185
nrows        111
xllcorner    212862.066839539999
yllcorner    2561457.492088600062
cellsize     20.000000000000
NODATA_value  -3.4028234663852885981e+38
[rows 32 to 63 of 111, columns 0 to 71 of 185]
364.33 363.86 363.02 362.38 362.12 361.14 360.92 360.01 359.28 358.54 358.12 358.87 359.63 360.61 361.78 362.89 363.27 362.02 361.52 360.81 360.46 361.42 362.39 363.22 364.13 365.12 366.89 368.82 369.38 369.64 368.98 369.05 369.86 374.76 388.06 396.91 405.51 409.08 414.61 428.04 440.94 448.1 455.85 460.2 461.53 461.93 461.04 460.56 458.8 458.24 463.12 468.12 484.93 490.96 499.34 504.07 508.07 512.33 510.83 505.27 507.77 512.13 514.6 517.45 519.55 519.34 525.7 526.97 522.97 513.58 512.71 521.13
364.55 363.83 363.26 362.97 362.06 361.95 361.11 360.38 359.7 358.97 358.25 358.47 359.22 359.96 361.08 362.35 363.5 362.96 362.36 361.61 360.88 361.93 362.35 363.55 365.02 366.67 367.12 367.58 368.03 368.31 367.96 369.06 371.28 373.47 378.11 390.52 396.65 400.86 411.05 421.78 433.46 444.86 455.98 460.95 461.8 462.93 462.67 462.26 461.62 460.87 460.1 464.48 478.26 485.05 494.26 503.71 512.23 521.84 525.36 523.78 521.29 526.63 527.75 530.78 531.53 532.77 536.2 538.58 540.22 535.03 525.69 530.85
364.64 364.14 363.81 362.99 362.94 362.21 361.36 361.07 360.2 359.43 358.69 358.09 358.84 359.56 360.41 361.6 362.81 363.89 363.16 362.42 361.69 362.03 363.4 363.92 364.37 365.18 365.69 366.2 366.71 367.46 368.43 368.24 370.14 372.2 373.13 379.1 389.15 396.88 401.38 413 426.25 436.7 448.35 459.04 461.14 462.57 464 463.95 463.6 463.21 462.59 464.3 473.5 480.37 484.76 494.6 505.89 518.44 526.33 531.54 533.42 536.07 538.7 541.97 542.79 543.66 546.57 549.79 555.08 552.36 546.83 541.98
364.98 364.66 363.91 363.91 363.24 362.35 362.49 361.7 360.81 359.74 358.63 358.07 358.43 359.11 359.8 360.88 362.05 363.52 363.95 363.22 362.49 362.13 363.5 364.88 366.01 366.45 366.98 367.52 368.03 368.66 369.49 370.01 370.33 371.4 373.15 374.82 383.91 392.7 397.24 404.67 419.89 432.71 442.77 456.33 460.87 462.31 463.74 465.19 465.63 465.72 465.15 464.71 470.26 473.86 478.71 486.02 496.27 511.34 519.22 525.36 531.47 537.42 545.35 550.14 554.02 556.41 559.43 563.93 565.74 562.08 557.59 553.39
372.68 366.76 364.82 364.26 363.34 363.63 363.18 362.39 361.36 360.26 359.25 358.76 358.24 358.6 359.35 360.13 361.43 362.9 364.37 364.02 363.3 362.54 363.54 364.42 365.39 366.69 367.72 368.74 369.34 370 370.8 371.19 371.46 371.72 372.4 373.42 376.88 387.01 393.69 401.83 416.98 429.51 440.01 455.55 460.83 462.2 463.71 465.41 467 467.38 467.46 467.84 470.61 473.36 477.27 483.64 495.79 504.78 510.2 516.61 522.17 529.01 537.15 544.14 550.46 553.5 556.92 560.1 561.56 561.08 560.79 559.6
378.84 371.71 366.49 364.67 364.74 364.65 363.99 363.09 362.16 361.16 360.06 359.44 358.85 358.15 358.62 359.43 360.8 362.36 363.75 364.82 364.12 363.39 363.31 363.85 364.77 365.87 366.95 368.05 368.86 370.22 371.81 372.32 372.58 372.84 373.1 373.63 375.81 381.98 391.67 400.94 415.78 427.08 440.18 456.1 461.42 463.29 464.12 465.81 467.36 468.18 468.96 469.45 471.67 473.46 477.4 486.03 496.69 502.14 506.49 510.91 515.27 521.31 529.51 533.43 536.64 540.19 543.96 548.14 552.79 552.92 551.75 551.83
372.61 369.41 367.6 367.12 366.99 366.11 364.94 364.06 363.21 362.19 361.19 360.1 359.14 358.66 358.54 358.83 360 361.56 363.37 365.8 365.61 364.66 364.14 363.4 364.37 365.39 366.33 367.69 368.88 370.04 371.11 372.1 372.87 373.58 374.08 374.4 376.05 381.29 391.87 400.39 413.86 426.49 440.46 455.32 461.33 463.7 466.05 466.58 467.72 468.54 469.35 470.47 472.7 474.92 478.22 479.7 489.97 497.55 501.62 505.48 506.44 513.41 518.74 521.77 523.25 525.46 529.97 534.39 538.51 540.15 539.4 540.31
377.84 376.77 371.84 369.57 369.01 368 366.93 365.48 364.35 363.42 362.36 361.28 360.2 359.9 359.32 358.28 359.35 360.92 362.8 364.9 367.26 366.38 364.68 363.72 363.98 364.95 366.11 367.28 368.43 369.54 370.92 371.69 372.45 373.22 373.99 374.74 377.12 384.05 392.22 399.68 412.25 426.35 440.23 453.29 460.91 463.83 465.93 466.67 467.96 468.89 469.71 471.41 473.55 474.81 476.22 479.16 483.73 489.73 494.92 498.71 505.52 505.94 506.38 508.48 511.89 514.19 516.92 522.19 526.86 528.27 528.31 529.2
383.95 384.48 383.02 380.91 373.81 370.38 369.33 368 366.26 364.63 363.66 362.57 361.75 361.64 360.38 359.05 358.7 359.96 362.06 364.48 366.43 366.82 365.09 364.12 363.6 364.58 365.69 366.78 367.99 369.17 370.45 371.16 371.86 372.76 373.58 374.34 375.93 385.27 392.01 400.88 409.52 425.64 437.06 445.35 455.14 460.05 462.72 465.09 465.99 467.43 469.84 471.56 472.11 473.25 476.64 479.03 482.81 490.08 494.52 498.05 497.09 494.08 494.37 497.63 501.73 504.59 507.27 510.42 514.65 515.43 513.71 514.65
389.56 392.39 393.96 392.18 388.08 382.42 375.98 372.43 369.23 367.54 365 364.02 363.38 362.32 361.06 359.78 358.52 359.25 361.19 363.81 365.91 367.49 366.02 364.68 363.71 364 365.33 366.33 367.28 368.36 369.53 370.77 371.51 372.24 372.98 373.72 375.52 379.26 389.92 398.52 404.76 420.44 425 429.21 437.74 446.19 452.55 456.26 461.07 463.4 464.98 468.13 470.36 474.17 475.86 476.83 483.74 490.94 489.47 484.49 483.26 483.9 485.17 487.23 488.48 491.3 496.23 498.65 500.06 501.51 507.62 516.47
394.59 394.75 399.74 401.89 401.15 399.88 392.13 388.66 380.91 377.8 371.75 365.81 364.18 363.09 361.83 360.54 359.25 358.56 359.93 362.51 364.85 366.31 367.42 365.31 363.98 364.14 365.74 366.78 367.81 368.85 369.91 371.46 372.25 373.04 373.85 375.1 376.06 379.85 386.22 391.33 398.95 407.22 418.11 430.1 442.02 452.86 460.72 463.72 462.69 459.49 459.54 461.12 462.78 464.36 467.64 471.63 478.81 478.37 475.02 474.7 480.83 485.39 487.55 491.11 491.65 492.68 495.68 498.76 503.92 507.48 515.54 522.23
406.33 397.57 405.57 413.84 413.45 410.56 405.93 397.47 395.42 395.94 390.42 380.75 366.59 364.11 362.91 361.67 360.1 358.73 359.33 360.95 363.16 365.04 366.44 365.83 364.35 363.79 365.1 366.21 367.21 368.21 369.22 370.13 371.17 372.42 373.88 376.2 378.14 379.24 384.58 389.13 395.89 404.39 418.37 431.14 444.46 457.58 466.24 469.82 471.07 471.18 470.41 470.04 472.61 475.46 474.93 474.23 475.45 477.02 479.22 481.13 484.19 487.36 488.23 492.03 494.56 497.08 502.86 510.72 515.77 516.24 520.6 527.69
417.69 406.02 408 422.62 433.43 425.72 407.86 403.25 407.19 410.27 408.04 400.89 387.52 370.83 364.4 362.97 360.42 359.05 358.77 359.86 361.85 363.69 365.38 366.14 364.57 363.5 364.89 365.71 366.47 367.23 368.21 368.92 371.29 373.99 375.86 377.47 379.03 382.33 388.1 393.82 401.6 406.71 419.87 433.47 444.54 457.07 463.11 467.01 470.59 475.4 476.3 475.65 479.27 479.65 479.9 481.5 481.88 480.96 481.79 482.96 484.71 487.62 490.13 500.21 506.43 507.53 506.09 514.83 523.54 528.94 531.83 537.21
424.15 417.29 411.5 429.83 443.04 433.04 412.88 412.58 417.72 421.68 428.4 421.54 398.9 378.08 377.89 364.55 361.97 359.64 358.56 359.26 360.57 362.44 364.12 365.45 365.27 363.82 364.33 365.47 366.81 368.16 369.17 368.84 371.32 373.92 376.27 378.23 381.1 388.32 393.68 399.94 402.78 411.06 422.68 435.41 445.66 453.77 458.14 462.14 466.77 473.2 477.29 477.28 476.91 477.92 479.34 481.41 483.16 482.79 482.62 484.33 486.47 489.04 497.71 506.39 518.65 525.34 519.59 514.72 526.36 537 541.43 544.76
432.74 425.45 414.36 436.5 449.4 434.24 425.09 423.15 423.8 429.67 437.43 425.42 401.68 390.77 390.76 380.87 364.49 361.02 359.22 358.63 359.66 361.3 362.82 364.34 365.3 364.29 363.65 365.38 367.41 369.48 371.18 371.47 372.42 373.18 375.91 377.83 379.66 388.07 396.43 402.36 404.6 412.93 426.47 438.01 446.25 449.39 452.1 455.17 463.9 471.3 476.63 479.34 479.15 479.01 479.92 481.14 483.14 484.16 484.04 484.81 487.85 490.46 497.21 503.51 521.25 536.57 529.65 526.15 530.43 539.06 545.9 556.25
440.65 433.72 422.7 440.59 456.22 444.37 439.38 439.78 439.27 444.24 440.82 425.91 404.78 402.43 398.9 392.53 378.55 364.48 359.95 359.03 359 360.31 361.84 363.2 364.28 364.35 363.02 364.63 366.69 368.82 371.04 373.26 375.23 375.8 376.67 377.52 379.04 386.79 397.3 402.94 407 414.35 428.55 441.05 445.87 447.78 449.81 454.26 459.84 467.63 476.13 480.72 483.51 482.71 481.93 482.42 482.93 484.2 485.88 489.83 491.41 493.25 498.69 502.85 516.04 530.89 531.95 535.27 537.34 539.24 551.07 555.18
454.89 450.89 433.05 444.68 459.04 454.81 454.9 455.88 452.05 449.78 445.77 429.24 419.56 418.03 411.91 407.59 397.04 382.06 364.33 359.72 358.48 359.68 361.13 362.63 363.04 363.11 362.85 363.76 365.83 367.9 369.86 371.16 374.74 376.45 377.39 378.18 379.08 381.2 393.08 405.78 408.74 416.15 429.45 442 446.51 447.72 448.43 454.22 461.45 468.11 476.02 482.27 488.56 491.63 487.48 485.42 484.34 485.08 489.55 495.07 497.29 497.55 502.31 504.78 517.56 529.03 531.78 533.69 536.73 539.75 550.01 554.88
466.49 465 447.48 448.43 464.42 466.59 463.92 464.18 463.74 465.86 450.04 437.25 435.18 434.25 427.1 420.86 412.12 396.89 376.56 360.33 358.86 359.17 360.98 361.5 361.57 361.88 362.68 363.42 365.03 367.03 367.7 368.99 375.58 376.43 377.26 378.09 378.92 379.75 393.02 406.27 411.12 416.38 431.59 440.71 443.55 445.16 449.54 457.4 466.86 471.76 476.83 481.66 485.7 494.41 495.66 491.4 489.27 489.99 496.11 501.34 503.99 501.97 503.33 507.83 521.18 527.3 534.5 542.49 545.22 550.26 558.52 564.76
482.15 481.82 466.75 464.54 477.39 480.73 477.55 481.54 481.26 476.48 462.37 454.71 443.77 430.78 426.12 426.3 406.57 386.52 378.4 370.52 360.26 359.1 360.3 360.83 361.64 362.44 363.25 364.05 365.19 366.88 368.17 369.38 374.62 375.96 376.96 377.96 378.96 379.97 396.6 409.03 412.42 415.22 431.78 436.99 442.76 449.35 458.69 465.88 471.16 473.96 476.94 479.72 483.27 486.47 493.3 494.57 492.49 495.01 499.76 508.89 513.37 510.74 508.04 514.24 525.29 529.78 543.54 549.73 551.53 553.09 556.76 557.96
503.89 498.6 490 483.44 480.48 467.75 458.13 454.19 455.92 455.57 448.81 430.46 422.95 418.17 410.29 401.16 388.5 386.2 376.59 371.09 361.68 358.9 360.41 361.2 361.98 362.76 363.55 364.3 365.1 366.5 367.57 368.86 372.43 375.95 377 377.91 378.74 379.9 395.84 410.43 412.45 414.15 429.52 436.42 451.54 461.47 466.44 469.78 471.34 472.77 475.25 477.66 480.47 482.85 486.8 492.22 493.35 498.52 501.47 509.62 520.47 518.01 513.99 520.61 527.35 532.98 537.15 540.03 542.02 545.62 550.95 548.68
515.73 517.95 507.77 497.33 473.37 455.14 441.67 431.75 424.28 422.54 419.76 416.77 411.36 404.71 397.52 391.82 397.17 408.72 400.34 385.26 363.01 358.63 360.33 361.05 361.63 362.22 362.81 363.5 364.5 365.64 366.93 368.25 371.4 375.31 376.25 377.38 378.41 379.43 394.69 409.74 412.77 414.47 426.66 429.84 443.7 458.58 466.85 470.23 472.39 474.16 478.88 479.54 478.69 479.96 483.04 487.93 490.97 495.86 501.05 507.37 516.02 517.35 520.24 523.93 529.29 527.05 530.06 532.88 536.29 539.83 538.47 538.05
526.64 527.64 517.1 502.03 476.57 452.31 435.59 425.66 419.05 416.89 413.13 407.47 404.07 401.55 397.56 404.49 411.52 417.48 419.1 397.74 371.15 361.36 360.46 360.38 360.6 361.19 361.96 363.15 364.05 364.94 366.8 368.86 371.86 375.72 376.68 377.63 378.64 379.74 392.28 409.51 416.58 416.08 422.13 426.21 434.4 451.14 465.73 469.59 472.17 474.62 479.15 480.6 480.65 480.64 482.88 484.69 487.57 491.96 497.79 504.07 512.16 518.25 524.07 521.99 523.47 524.01 526.08 535.5 531.25 529.86 530.42 530.94
536.68 536.28 521.92 507.7 487.59 452.47 451.28 440.58 425.88 416.42 417.61 421.3 413.34 418.28 413.9 418.64 426.45 430.22 435.41 416.69 391.29 366.57 362.87 361.61 360.89 361 361.75 362.68 363.62 364.51 365.74 367.52 369.32 375.3 376.32 377.45 378.63 379.77 390.16 405.25 416.27 419.15 419.92 425.72 431.63 444.91 461.86 470.72 472.87 475.45 478.49 480.06 481.17 482.23 483.52 484.11 484.67 487.81 493.21 500.5 507.36 516.08 523.5 525.68 526.88 526.71 525.82 522.67 518.84 518.66 520.33 522.18
545.65 539.44 523.29 513.19 493.84 470.02 461.99 454.49 436.83 424.1 425.9 427.88 427.26 424.81 421.35 429.04 437.47 445.12 441.16 427.57 412.28 388.7 364.75 363.45 362.06 361.4 361.57 362.34 363.29 364.05 364.8 367.49 370.12 374.97 376.47 377.32 378.17 379.13 388.58 404.13 416.5 422.54 427.2 428.55 431.79 441.17 457.88 470.75 473.36 475.59 476.9 478.43 480.89 481.62 481.87 482.25 482.94 484.77 489.1 494.81 501.28 505.55 507.92 510 512.41 512.43 511.63 509.87 507.2 507.19 509.55 511.82
548.78 539.57 529.53 518.77 497.56 476.88 472.49 463.26 448.73 443.47 440.45 440.11 435.98 435.88 431.76 439.42 446.6 445.28 434 420.42 410.36 398.07 374.81 364.29 363.4 362.45 361.98 362.18 362.81 363.56 364.3 365.6 371.35 373.6 376.01 377.39 378.59 379.26 389.23 406.21 418.5 426.88 431.1 432.09 433.96 442.27 458.95 470.87 473.24 474 475.37 477.31 478.87 479.62 480.01 480.83 480.97 482.51 484.03 485.55 487.17 488.9 491.27 493.19 495.06 495.87 496.04 494.63 492.99 492.46 493.83 497.57
548.27 534.83 529.54 513.66 497.33 482.54 490.24 479.97 472.33 463.74 457.39 452.85 449.83 443.46 442.7 447.78 441.85 438.01 425.08 411.95 400.26 387.74 373.1 367.3 363.78 363.63 362.99 362.87 362.35 363.07 363.83 364.59 369.26 373.1 375.9 377.69 379.34 383.83 391.42 407.06 421.37 430.43 433.89 434.86 437.65 446.6 459.44 471.03 471.61 473.17 473.81 475.59 476.59 476.47 475.5 470.48 471.41 476.87 476.38 474.41 472.14 472.93 476.71 478.44 476.97 476.02 475.8 475.04 475.06 473.49 475.41 477.57
532.13 525.64 517.58 505.95 494.29 494.57 503.26 502.18 493.64 484.2 474.27 468.78 458.79 451.95 454.83 451.43 440.57 428.87 412.73 400.74 392.2 382.61 373.98 371.01 366.64 364.77 364.16 363.61 362.98 362.6 363.36 364.13 364.92 371.55 375.18 377.32 379.54 384.53 393.64 410.67 423.78 434.31 442.84 444.78 447.13 455.83 465.62 468.32 471.12 471.06 471.9 472.69 472.4 468.75 462.99 457.02 456.26 460.47 461.59 458.54 455.45 453.97 454.62 456.62 458.02 459.22 457.45 452.98 458.62 470.75 472.26 472.01
527.56 513.91 505.46 498.21 496.97 505.84 514.07 518.27 510.92 499.44 485.69 470.75 459.55 461.13 459.89 443.9 435.79 418.57 405.54 401.26 391.94 383.52 371.11 369.18 366.51 365.98 364.87 364.24 363.59 362.96 362.89 363.68 364.5 368.95 374.97 377.58 381.11 385.26 399.7 412.18 424.41 437.69 451.76 460.64 464.46 465.36 466.54 468.95 468.87 468.59 468.66 468.08 462.57 457.04 451.24 444.42 441.68 440.47 443.06 442.92 437.42 432.24 434.76 438.87 441.29 443.59 448.85 463.46 476.94 482.13 483.56 484.19
523.01 511.27 511.51 510.73 509.32 512.83 520.51 529.24 524.87 508.95 489.32 474.47 473.74 472.59 456.73 441.96 435.75 428.49 409.96 405.12 397.17 387.7 371.34 368.61 368.08 369.03 368.91 364.86 364.23 363.6 362.93 363.26 364.09 364.91 374.09 377.88 380.8 386.91 401.85 415.18 427.58 441.1 455.13 462.26 465.29 466.47 467.02 467.5 466.94 465.96 462.35 456.96 447.07 441.78 435.72 430.97 428.32 427.82 427.29 425.11 428.28 439.74 444.55 447.72 450.17 453.65 464.63 477.54 485.75 490.14 491.46 492.5
517.76 519.63 525.4 528.04 526.37 524.34 529.29 534.03 531.97 512.09 500.74 494.64 489.23 480.63 464.49 448.09 439.64 434.13 424.56 412.15 399.24 392.31 376.01 371.38 371.33 370.65 371.35 369.98 364.89 364.23 363.53 362.82 363.63 364.47 371.18 377.33 381.68 388.28 403.24 418.37 429.69 445.85 458.55 463 464.44 466.33 466.94 466.02 465.1 455.97 449.01 443.06 435.34 428.95 424.34 416.97 418.32 418.68 419.6 426.75 442.28 452.89 457.51 460.34 462.47 467.48 475.89 485.04 492.33 495.03 496.38 497.93
527.68 530.18 536.29 542.57 539.21 539.47 542.59 543.04 529.03 521.31 519.04 514.09 507.32 492.49 478.97 461.19 450.3 445.21 428.42 415.52 406.72 392.76 381.92 374.87 372.5 372.78 371.95 370.84 370.02 364.84 364.15 363.46 363.12 363.98 364.93 378.59 385.23 389.56 406.1 422.41 437.59 450.79 460.42 459.8 460.26 463.12 462.89 456.94 448.82 442.75 438.64 429.79 422.11 416.43 413.13 414.5 424.33 431.41 433.68 438.55 444.32 456.96 466.46 474.73 473.4 477.72 485.21 490.91 495.99 498.14 499.19 503.22
547.32 546.28 550.42 553.56 556.35 556.5 557.1 549.02 533.77 534.96 534.42 527.95 520.06 505.42 490.48 476.35 461.37 449.07 429.17 419.22 411.75 397.95 384.28 379.6 374.14 373.18 372.1 371.51 370.64 368 364.82 363.91 363.09 363.46 364.37 371.1 385.46 389.22 403.21 423 440.56 453.18 451.15 446.55 446.39 446.7 445.59 441.57 434.42 430.32 431.08 418.01 409.42 418.59 426.24 430.71 433.95 436.75 444.79 451.97 453.96 457.99 468.37 479.08 484.7 485.47 491.23 494.99 500.29 502.34 504.92 509.87
