MoSES_2PDF_landslide/Data/hsiaolin_landslide_asc/shiaolin_topo_20m.asc
ncols        185
nrows        111
xllcorner    212862.066839539999
yllcorner    2561457.492088600062
cellsize     20.000000000000
NODATA_value  -3.4028234663852885981e+38
[rows 64 to 95 of 111, columns 0 to 71 of 185]
571.17 565.42 561.05 567.86 571.09 565.57 562.61 554.77 551.12 548.35 546.87 541.6 530.92 510.88 494.33 479.85 468.3 453.68 432.6 421.77 416.05 404.47 391.2 382.52 374.85 373.57 373.2 372.2 370.99 370.14 367.01 365.21 364.38 363.66 363.62 364.43 370.21 385.83 394.6 414.36 437.4 444.89 439.92 435.72 433.6 431.6 429.21 425.11 419.58 412.97 408.78 409.57 422.96 431.81 436.58 445.02 450.46 450.81 449.25 453.76 459.75 462.5 469.45 478.97 495.8 499.05 498.66 501.94 506.34 507.74 511.13 518.86
590.2 586.59 578.98 582.07 584.68 574.41 566.72 560.71 565.36 565.51 553.56 541.1 526.5 510.06 491.94 469.29 456.14 452.68 439.31 424.67 417.79 403.41 392.6 383.74 378.58 374.81 373.7 372.48 371.44 372.56 372.4 368.92 365.96 364.56 363.85 363.67 364.53 373 391.36 402.13 428.06 433.32 429.33 425.92 422.14 419.85 417.41 413.45 406.34 408.55 416.04 419.97 428.16 436.41 442.81 452.02 458.22 462.49 461.77 461.5 466.93 471.14 473.55 485.39 505.61 513.91 513.3 511.77 513.18 515.79 522.16 531.7
605.51 603.6 598.64 596.3 596.03 587.35 574.05 568.97 574.7 573.69 552.97 542.09 526.8 511.75 485.15 462.65 444.21 433.05 423.42 417.08 404.25 389.63 388.19 387.78 385.54 379.57 374.33 372.8 373.97 376.11 376.24 372.29 368.7 366.29 364.7 363.96 363.82 364.82 379.92 394.13 413.93 418.9 415.85 412.66 409.94 408.58 406.45 402.75 409.65 418.09 425.75 430.25 436.14 443.3 452.03 460.61 469.02 469.6 472.09 477.61 478.67 478.6 481.09 496.64 511.3 525.44 530.95 531.49 530.93 534.72 540.93 550.54
617.56 617.34 613.03 615.03 608.84 593.47 576.53 568.84 561.34 554.15 544.09 529.69 518.04 498.79 477.01 454.08 436.17 420.37 411.56 404.94 397.53 394.53 402.93 400.85 396.95 387.59 377.48 374.96 374.37 375.82 373.83 371.53 370.3 368.37 366.3 364.81 363.93 364.24 368.38 391.45 396.31 401.22 399.97 398.68 397.96 398.34 400.49 408.03 415.55 419.97 426.69 431.97 440.82 447.08 459.42 468.47 475.78 475.1 479.89 489.16 491.89 492.32 496.44 507.04 512.14 522.33 529.42 536.59 542.77 547.85 551.57 555.08
634.45 638.26 632.99 613.2 589.17 573.02 560.71 549.1 536.19 525.44 513.79 501.55 487.21 472.99 462.9 451.25 428.63 412.47 404.78 403.61 402.41 407.75 399.92 390.75 389.12 387.07 381.19 376.7 377.72 374.24 372.96 372.08 371.2 369.99 367.98 366.19 364.76 363.76 364.78 380.77 391.53 392.41 392.31 395.61 401.64 401.92 407.5 412.53 418.42 423.05 427.84 435.57 446.08 457.28 468.8 476.46 480.24 479.67 481.87 493.72 503.18 508.37 512.47 517.85 519.1 518.61 525.52 529.76 533.89 536.99 538.42 542.1
630.63 619.63 603.38 590.36 571.55 557.71 543.93 529.36 516.44 501.91 491.03 478.48 464.21 451.26 442.4 431.57 416.27 409.15 418.56 420.41 418.34 413.39 402.99 384.22 388.96 386.48 380.13 381.4 378.08 375.78 374.17 373.26 372.08 370.74 369.08 367.37 365.91 364.73 363.87 364.86 370.33 374.46 388.52 394.97 414.14 417.72 422.84 427.26 430.07 437.86 438.74 438.33 453.86 466.19 474.06 480.41 485.81 485.76 484.09 496.43 512.74 526.94 529.75 531.5 530.75 530.78 533.12 537.03 540.81 541.41 547.91 554.64
612.26 596.83 586.22 573.3 562.83 551.52 534.93 519.27 504.33 490.21 477.42 463.08 448.6 439.11 430.55 420.18 414.98 422.23 431.63 435.22 436.02 423.58 398.9 391.61 390.55 385.58 386.3 383.24 379.83 377.98 375.78 374.17 372.77 371.23 369.9 368.32 366.97 365.84 364.77 363.98 364.27 371.97 386.32 392.5 410.42 431.05 436.9 439.77 444.69 452.53 451.5 449.5 458.48 469.73 474.42 479.76 487.41 491.92 491.57 500.35 515.17 531.46 541.21 543.5 546.26 545.16 545.24 549 551.06 551.27 555.32 561.81
601.71 589.25 577.05 566.02 555.41 539.93 526.87 516.81 498.85 483.54 468.49 450.45 440.08 431.91 423.8 432.29 430.61 436.08 442.98 449.05 441.74 416.22 398.02 393.64 389.48 389.45 390.57 390.02 386.96 382.33 378.2 374.31 372.99 372.09 370.64 369.18 368.02 366.88 365.78 364.79 364.02 364.95 371.67 385.28 394.12 416.34 432.08 438.06 450.84 465.51 467.04 464.51 462.77 476.07 480.07 482.76 489.19 497.19 496.5 505.21 517.52 538.68 554.17 557.88 559.78 558.73 558.3 558.31 558.73 562.88 567.54 566.19
596.07 584.92 573.27 560.66 548.52 528.87 515.15 503.03 492.1 475.72 457.73 443.03 436.34 429.91 432.19 442.6 450.77 454.89 459.3 458.96 436.11 410.53 396.48 393.45 394.39 392.87 392.61 391.81 390.29 387.76 385.24 377.78 374.39 373.12 371.71 370.26 368.99 367.83 366.71 365.58 364.58 364.38 367.07 373.96 390.35 398.54 414.39 430.81 451.43 465.48 469.57 473.58 476.24 481.84 485.27 487.16 493.78 501.47 502.14 511.9 527.78 548.03 565.19 572.23 573.94 572.52 574.06 573.79 570.26 564.08 559.07 555.29
592.87 578.28 566.82 555.51 537.97 520.64 502.64 489.05 475.58 464.97 451.26 446.21 448.92 439.47 447.51 460.72 473.66 467.9 465.33 450.12 421.63 402.84 397.82 398.58 397.95 395.84 394.65 393.72 393.6 389.44 389.58 390.16 378.87 374.43 373.16 371.74 369.85 368.69 367.56 366.48 365.39 364.38 364.7 369.77 381.83 391.89 404.5 433.64 446.02 463.23 469.13 473.23 477.92 485.26 489.46 492.23 498.9 507.56 511.95 522.04 531.88 556.55 573.06 577.23 573.42 567.69 562.54 558.76 556.06 550.25 545.83 541.69
587.89 573.19 559.18 547.68 532.85 511.84 497.51 480.07 469.27 466.62 465.29 459.64 454.65 449.79 462.76 476.75 490.17 478.33 456.04 430.14 412.32 402.17 402.43 402.36 400.87 399.02 398.43 397.85 397.55 397.11 396.14 393.73 387.52 380.27 374.97 373.57 371.5 369.55 368.47 367.37 366.26 365.13 364.77 367.12 372.63 385.12 393.36 412.55 434.91 453.14 467.19 472.87 479.41 487.14 494.57 497.7 506.07 515.67 525.52 530.81 545.33 563.82 576.54 567.11 560.55 556.28 549.31 545.34 541.87 537.45 533.19 529.12
580.59 564.33 549.76 540.21 528.17 512.79 495.55 483.37 481.37 484.14 479.95 470.39 456.12 464.35 475.78 489.8 483.12 475.7 454.82 424.49 409.67 407.18 406.77 405.16 403.31 402.44 402.94 404.22 403.15 400.95 398.96 397.22 394.77 388.16 385.09 377.23 373.82 371.23 369.34 368.24 367.11 366.13 365.83 367.75 369.72 379.08 389.07 394.47 415.22 436.39 457.1 470.45 478.84 490.09 500.94 504.37 513.02 523.71 533.66 541.81 557.05 570.94 564.28 557.59 551.64 542.16 535.04 531.77 528.26 524.39 521.08 517.71
577.31 564.13 551.86 541.97 529.39 512.89 498.66 489.6 496.96 498.96 496.52 474.87 474.29 482.57 487.51 477.37 470.58 460.18 447.48 426.37 419.48 413.81 408.05 407.99 406.76 408.34 409.52 409.28 407.63 406.25 403.89 399.88 397.38 393.2 392.86 387.83 378.32 374.17 370.8 369.09 368 367.38 366.81 368.61 369.48 371.76 382.77 390.61 398.36 424.11 443.93 468.16 479.45 492.67 495.56 494.89 501.7 518.24 539.65 549.01 561.29 564.43 555.24 545.1 535.15 527.74 523.28 518.84 515.33 512.35 510.17 506.86
590.79 576.7 562.24 548.96 531.87 516.13 502.06 504.86 514.23 513.65 498.17 488.15 491.43 493.38 477.96 465.56 455.65 446.61 438.45 426.04 421.9 416.41 415.87 415.99 416.74 415.98 414.21 413.61 411.21 409.14 407.19 404.22 400.23 397.03 397.27 395.92 389.86 379.09 374.46 369.97 369.25 368.63 367.98 368.82 370.07 370.15 374.97 383.98 392.08 409.63 439.17 465.77 473.89 476.61 477.96 480.47 496.96 514.93 529.26 539.87 557.99 555.97 542.39 531.74 523.58 518.67 511.01 507.85 505.25 502.08 499.95 495.7
604.4 591.55 575.55 562.12 547.43 531.89 517.37 515.07 524.83 522.36 507.36 502.01 493.85 478.63 465.58 453.25 445.98 438.71 433.61 427.92 428.27 423.93 422.66 422.49 421.82 420.8 418.81 417.16 415.43 412.67 410.15 407.45 403.6 401.18 399.77 399.14 397.44 390.01 379.49 374.46 369.75 369.19 369 369.33 370.53 370.28 370.02 378.12 387.08 394.5 420.38 445.68 458.51 459.12 459.44 472.52 500.09 520.46 532.51 546.4 553.72 551.09 536.24 522.95 514.09 510.2 502.69 498.74 495.98 492.31 488.87 484.3
610.37 595.46 582.56 566.93 547.6 544.01 531.93 531.08 529.21 515.39 507.72 498.19 479.71 468.35 454.73 446.84 441.45 440.34 437.14 431.61 436.87 432.35 429.7 428.36 426.52 424.04 422.51 419.78 418.05 415.7 413.39 411.23 407 403.53 401.7 402.84 402.03 396.43 390.65 379.59 372.92 369.74 369.72 370.53 370.59 370.35 370.11 374.18 382.57 392.02 400.31 429.7 443.62 444.7 452.63 469.19 497.61 515.06 524.23 533.57 543.49 543.87 530.24 511.65 504.16 500.39 497.62 487.68 484.01 481.06 477.47 471.68
599.3 589.47 573.62 561.3 556.85 558.84 552.75 542.68 528.43 512.42 500.04 486.4 474.84 468.98 458.63 448.84 446.73 446.46 441.21 434.16 441.11 437.51 435.05 435.24 434.86 428.75 426.84 424.8 421.96 419.63 416.8 413.31 408.9 405.04 403.57 405.86 403.7 398.91 393.97 390.01 378.84 370.02 370.21 370.44 370.71 370.5 370.24 371.01 378.51 389.09 394.51 415.98 426.69 429.76 451.58 464.16 482.5 499.45 512.55 517.05 527.23 535.6 525.41 505.17 492.1 486.58 487.8 486.98 477.93 470.35 463.43 453.94
594.77 584.98 575.61 568.09 566.47 570.27 562.13 548.91 525.56 507.03 497.45 485.98 479.16 476.21 466.24 452.44 451.97 447.05 441.83 445.01 445.61 442.09 439.04 437.58 439.51 435.89 431.34 429.63 426.24 422.87 419.26 414.83 411.38 410.15 407.08 406.39 406.48 402.38 398.01 393.57 388.22 376.49 370.09 370.33 370.61 370.7 370.43 370.11 374.13 383.9 391.5 396.03 406.75 423.55 455.63 473.09 480.71 486.08 496.21 499.72 507.92 517.84 515.98 503.08 491.68 477.07 471.54 471.22 470.52 462.76 452.47 438.38
590.56 582.24 579.16 575.86 575.84 575.47 562.55 545.7 532.94 518.99 509.65 499.8 489.86 477.35 463.59 461.93 461.57 448.97 448.83 451.86 449.86 447.04 443.15 441.67 444.82 444.29 436.02 433.15 428.76 424.68 420.93 418.57 414.73 413.63 411.67 406.51 408.54 404.47 401.5 398.04 394.37 379.85 373.44 370.18 370.48 370.8 370.63 370.27 371.35 377.52 385.75 391.85 396.18 419.68 449.31 461.77 467.51 472.95 482.07 489.66 494.94 496.45 493.03 485.39 479.21 463.34 449.05 448.05 444.98 447.4 439.58 423.35
594.31 591.48 588.91 585.69 583.18 582.8 565.59 559.4 552.87 538.04 525.52 505.06 491.54 485.99 477.53 475.01 466.73 452.28 456.44 455.5 453.2 452.48 451.34 450.94 451.46 452.78 447.21 440.15 432.84 426.76 424.99 423.41 420.02 417.83 415.38 409.41 410.49 404.25 402.17 399.67 394.72 391.15 378.31 370.43 370.31 370.68 370.85 370.47 370.08 373.49 378.54 386.94 392.55 405.82 431.13 446.5 453.21 459.72 469.02 475.19 478.45 477.01 473.26 468.3 462.1 445.82 432.23 426.75 424.49 427.4 424.49 411.91
604.7 600.62 597.96 598.25 594.64 591.67 577.36 572.57 565.25 548.62 525.85 511.11 508.88 503.9 498.54 487.49 467.54 463.51 468.1 459.54 461.65 460.55 463.67 463.45 460.65 460.26 457.22 452.41 442.06 432.17 428.47 426.27 423.1 419.13 417.66 412.21 411.05 407.33 403.39 401.41 398.79 395.79 387.35 375.33 370.14 370.54 370.95 370.72 370.27 371.35 374.33 380.87 389.94 393.89 411.33 430.96 442.54 449.75 455.83 461.69 463.84 463.43 460.8 455.7 446.69 427.26 414.66 409.47 408.77 412.47 416.06 403.31
615.46 612.42 614.22 609.54 604.66 602.04 595.52 580.54 566.21 551.11 533.09 530.5 527.23 520.51 508.34 492.98 472.92 474.81 474.83 468.58 469.94 474.58 475.78 474.6 471.27 468.15 465.23 458.39 448.32 439.84 433.98 430.71 428.01 424.33 421.55 415.68 411.9 410.63 406.17 404.8 400.31 396.82 393.48 379.77 371.35 370.34 370.8 370.98 370.45 370.51 372.75 374.82 383.59 391.36 394.75 418.16 432.35 438.73 442.06 448.98 450.82 450.58 447.7 439.32 424.5 408.15 397.84 395.02 395.62 398.85 404.51 399.66
626.22 625.48 625.08 619.84 615.8 610.99 604.61 589.49 575.93 558.47 552.26 544.67 534.74 523.21 514.43 497.44 484.26 492.09 485.81 475.78 475.31 480.33 484.37 483.44 479.81 476.8 473.42 465.65 454.41 444.81 439.15 434.92 431.42 427.85 425.8 421.33 413.14 411.26 408.5 406.35 405.08 403.16 398.14 392.85 377.63 370.1 370.59 371.13 370.74 370.03 371.96 373.84 378.07 386.85 392.05 401.47 425.54 429.22 433.53 438.44 441.75 440.52 432.89 421.17 404.8 394.87 391.44 389.19 391.12 394.21 395.28 395.42
638.14 634.74 634.79 630.8 624.47 620.9 604.83 589.03 574.21 570.83 568.71 555.67 544.53 533.94 524.12 502.66 499.11 503.48 496.16 483.56 484.01 493.45 493.09 492.56 488.5 483.55 478.97 470.36 458.9 448.22 442.18 437.04 434.7 430.79 428.45 425.59 413.92 414.54 409.3 406.45 408.63 407.19 401.75 396.5 389.11 375.22 370.21 370.79 371.03 370.3 371.13 372.94 374.69 381.95 388.21 393.2 409.25 419.64 425.19 427.01 430.27 429.18 421.93 405.72 395.48 390.1 388.55 390.12 391.28 391.75 393.24 397.36
651.8 649.24 644.49 638.37 635.39 627.42 604.07 589.86 584.68 589.14 581.66 569.16 555.89 547.86 532.06 514.15 512.27 515.39 509.71 500.48 502.62 504.4 504.42 502.51 498.43 489.4 481.81 473.12 462.45 450.48 444.27 439.83 441.51 435.28 429.76 426.22 417.43 417.16 410.78 408.31 411.65 408.91 404.1 392.79 385.58 383.97 375.04 370.9 371.37 370.79 370.18 371.89 373.72 377.82 384.54 390.7 396.79 407.8 412.14 414.75 416.4 418.75 413.13 398.36 389.86 387.25 389.58 394.91 394.23 393.24 393.91 399.91
665.24 662.18 654.35 647.33 639.48 626.04 611.19 597.86 598.55 604.84 600.01 578.52 568.25 553.2 535.71 526.48 530.33 528.75 517.29 508.63 514.65 516.47 515.16 511.64 504.32 493.42 484 475.46 465.42 454.29 448.22 446.63 443.04 437.54 430.11 426.07 419.78 420.28 412.03 409.55 413.32 412.91 403.59 401.5 403.63 399.02 382.58 370.53 371.23 371.37 370.1 371.61 373.35 375.02 382.95 388.74 393.12 398.76 403.6 405.14 406.22 405.65 406.71 392.99 387.13 388.67 397.81 408.72 408.14 396.05 393.43 399.16
674.48 668.98 664.67 654.25 647.37 635.92 625.27 613.41 613.35 617.37 608.17 590.69 575.63 552.92 545.45 544.24 544.02 539.93 519.27 521.96 527.15 528.66 523.11 515.41 503.3 494.86 485.54 478.13 468.58 458.58 453.88 448.97 444.23 439.72 433.42 426.06 423.17 422.97 414.06 410.09 416.15 421.27 416.44 413.49 416.67 408.56 390.04 370.12 371.2 371.28 370.14 371.38 372.9 374.38 380.88 386.76 391.57 393.48 396.78 402.35 404.46 407.13 394.54 385.29 387.01 392.43 402.74 418.73 423.63 408.76 394.81 395.54
683.2 675.89 671.61 664.81 655.38 650.79 635.93 629.03 630.47 624.99 608.12 590.56 573.3 561.3 560.53 558.53 556 541.82 521.68 533.24 537.81 538.89 527.37 515.19 503.13 493.38 483.68 476.9 469.58 462.92 456.99 452.02 445.17 440.88 435.61 428.48 428.27 426.65 420.43 413.03 422.8 426.01 421.71 422.83 426.1 416.65 396.97 378.77 370.66 371.88 370.75 370.76 372.24 373.76 377.11 383.6 388.45 388.89 392.93 398.49 399.11 392.08 384.59 384.74 389.42 394.04 400.48 422.76 434.06 424.28 406.38 396.54
692.74 685.36 676.76 673.33 667.62 662.15 653.59 642.99 640.53 625.31 609.9 600.06 580.62 577.51 577.09 574.15 565.18 548.62 536.91 543.2 545.81 544.15 532.37 514.45 501.52 491.01 481.52 475.37 471.1 467.26 461.28 454.1 447.5 443.53 439.4 433.72 435.84 430.48 427.84 419.95 425.32 427.78 424.15 426.37 430.05 425.69 404.04 383.46 372.3 371.73 371.36 370.25 371.74 373.22 374.85 380.2 382.68 384.48 385.82 388.16 387.3 383.99 383 386.53 391.45 395.84 409.35 428.23 439.31 439.18 421.85 413.57
704.13 696.87 689.45 680.08 679.02 680.94 670.51 654.83 641.41 628.24 618.4 605.49 600.58 593.03 588.78 583.36 573.44 555.42 551.28 552.98 554.8 550.89 532.23 512.94 498 489.31 488.91 483.9 475.71 471.41 466.72 457.85 449.4 446.88 443.87 439.64 437.54 432.66 432.54 428.06 427.94 429.82 428.49 427.38 430.49 426.86 407.12 385.6 373.99 370.82 371.92 370.46 371.08 372.88 374.66 377.45 378.98 379.21 379.29 379.56 380.13 382.02 385.21 386.74 388.36 401.31 415.44 431.92 441.63 451.9 442.28 428.84
712.3 706.13 701.17 693.93 686.88 686.69 682.44 669.78 650.33 637.69 630.05 618.7 609.44 603.77 599.35 590.28 576.81 560.24 560.63 562.98 562.67 553.13 530.43 510.34 501.6 505.26 504.79 501.64 488.26 477.94 471.42 465.09 457.14 448.73 444.7 443.83 440.9 436.32 435.6 432.5 431.47 431.83 431.06 430.37 431.51 430.29 414.2 392.85 378.92 370.28 372.15 371.48 370.51 373.2 374.02 375.67 375.98 375.92 378.86 381.16 383.1 384.87 387.25 388.21 389.79 406.92 420.45 434.92 445.16 455.97 455.47 445.21
725.36 719.54 711.87 704.52 701.02 692.53 692.28 682.7 673.25 649.98 636.69 624.37 619.76 613.67 606.46 597.82 579.1 570.38 571.38 571.39 562.32 551.86 528.64 515.46 517.09 522.51 522.28 510.2 498.69 487 475.56 469.53 465.11 453.67 448.96 448.37 444.98 439.01 439.52 436.27 433.92 433.4 432.79 432.22 433.4 430.36 417.75 400.43 381.84 371.01 371.08 371.3 370.08 371.82 373.19 373.47 374.31 377.61 383.47 389.75 400.36 395.7 391.14 390.33 398.61 412.83 426.73 437.97 448.83 459.5 464.43 460.03
