MoSES_2PDF_landslide/Data/hsiaolin_landslide_asc/shiaolin_topo_20m.asc
ncols        185
nrows        111
xllcorner    212862.066839539999
yllcorner    2561457.492088600062
cellsize     20.000000000000
NODATA_value  -3.4028234663852885981e+38
[rows 0 to 31 of 111, columns 72 to 143 of 185]
628.54 637.05 642.44 651.05 654.21 659.2 668.13 675 678.67 684.06 689.92 692 691.9 690.52 686.77 685.13 682.16 657.3 628.07 606.61 586.65 572.72 561.91 543.93 533.81 539.66 550.05 569.02 590.75 609.66 619.54 628.33 642.47 659.2 678.99 688.16 692.12 691.64 696.75 707.15 715.11 722.59 732.38 742.09 752.65 764.65 778.02 789.84 802.01 811.72 823.77 837.72 849.03 862.8 872.44 881.36 889.21 895.34 897.62 895.97 893.01 889.98 889.28 887.84 884.33 882.93 887.47 890.45 887.25 882.82 886.91 893.22
635.36 645.37 652.57 659.45 664.54 668.87 675.51 678.64 680.86 684.4 692.01 694.62 691.72 688.33 689.38 691.97 685.82 659.93 630.2 611.42 596.02 581.33 562.53 544.94 537.4 538.32 545.34 561.86 582.15 600.53 613.55 621.93 634.69 654 675.75 688.75 696.99 700.64 702.73 709.76 718.08 724.28 738.47 751.83 762.67 775.36 785.84 797.32 807.69 814.57 828.61 844.16 860.41 871.56 879.26 885.67 890.28 891.55 887.22 880.32 872.34 869.3 868.47 866.66 865.31 867.34 871.68 874.21 867.77 868.05 877.03 883.01
639.79 648.15 654.09 660.93 665.47 674.3 679.01 682.58 686.61 690.25 695.29 695.7 693.16 691.74 695.09 695.71 691.49 661.74 632.42 617.38 602.61 586.2 567.5 551.92 540.6 537.47 540.12 553.23 577.28 592.74 605.79 615.99 625.32 644.49 662.32 671.91 671.66 670.74 679.71 693.87 702.53 711 719.71 736.04 757.15 774.09 787.93 803.14 812.15 820.37 832.37 848.4 862.57 870.69 874.3 876.56 876.9 875.15 866.88 858.52 849.1 845.77 845.21 845.06 849.04 852.99 853.98 851.4 846.95 858.01 867.53 872.24
638.25 644.04 650.67 656.97 664.11 670.96 674.26 675.31 679.54 685.63 693.94 698.25 694.07 697.11 701.92 701.86 696.91 665.27 638.15 623.48 605.78 589.45 576.34 559.07 550.97 540.03 539.33 547.98 569.66 585.77 598.34 610.21 621.09 632.09 640.94 646.3 647.3 649.16 658.72 673.02 683.23 694.83 707.19 719.28 738.87 758.93 781.47 801.42 814.21 828.8 840.83 850.1 858.01 857.23 851.78 848.7 841.29 833.7 830.09 826.88 826.12 827.28 828.71 830.98 834.84 836.73 835.69 833.75 834.82 846.94 854.52 866.59
628.25 632.06 641.45 651.11 657.84 663.13 666.04 666.85 670.46 678.34 690.26 698.06 700.96 704.51 706.2 706.41 701.6 664.63 642.1 629.58 609.6 600.21 584.83 573.24 566.49 550.95 539.46 546.63 564.36 582.72 594.01 605.77 612.5 615.78 618.75 625.48 625.62 628.98 639.21 652.88 668.81 684.46 701.7 716.57 731.11 747.73 773.68 791.9 807.54 825.55 841.96 843.88 842.7 838.16 832.48 823.18 813.74 809.42 808.05 806.56 802.45 803.8 806.71 809.21 811.15 810.92 808.16 809.96 818.3 831.24 845.46 865.63
616.06 618.64 629.08 642.77 651.11 653.76 656.23 656.68 660.5 671.38 681.19 694.05 702.11 706.54 708.03 707.5 694.88 673.22 651.77 635.12 618.78 604.55 592.44 587.67 578.25 563.03 542.8 544.73 556.94 576.13 587.58 595.6 597.94 596.67 599.58 605.55 610.03 615.77 626.47 640.36 656.87 674.42 692.56 706.65 723.34 737.21 758.65 779.3 798.39 815.18 829.06 828.52 824.78 822.86 817.77 808.51 798.13 790.49 786.84 786.48 786.52 782.47 773.82 773.46 783.5 785.66 786.86 796.1 813.33 830.74 845.8 862.28
612.43 616.66 622.45 630.35 641.69 644.41 645.85 648.06 654.88 665.96 673.16 685.2 695.8 705.46 708.48 710.9 705.28 692.08 669.5 642.06 624.75 607.47 602.39 601.21 588.53 577.6 548.86 543.72 550.63 563.3 569.36 570.19 566.4 562.41 573.81 584.23 595.9 608.01 616.17 618.81 630.32 665.78 688.55 706.39 719.09 732.53 749.99 771.88 792.06 809.84 815.44 810.1 807.93 808.12 806.77 798.47 785.11 774.58 769.83 769.94 770.61 767.91 762.38 762.16 765.32 771.81 781.41 794.91 812.89 828.47 842.06 854.22
610.29 613.76 620.44 628.19 633.12 634.98 643.04 647.22 654.31 661.84 671.4 681.11 688.65 701.72 707.15 710.93 710.46 699.64 677.48 650.47 625.36 613.82 613.77 611.51 605.01 585.24 560.4 550.05 547.09 551.66 553.4 554.45 556.3 558.63 562.14 574.33 590.96 600.21 607.81 614.95 628.13 647.34 677.56 697.52 718.53 737 752.58 776.3 796.09 803.33 800.59 788.83 781.88 788.68 789.25 779.8 770.63 762.68 758.12 758.9 757 753.97 749.96 749.11 754.2 763.71 773.31 786.63 801.59 818.03 832.28 846.55
608.12 613.34 617.41 620.16 624.72 628.83 634.75 638.49 643.96 649.89 662.72 675.6 687.75 697.05 703.76 709.12 712.98 702.27 678.36 647.81 634.87 633.2 628.37 615.09 602.13 592.65 580.89 567 548.69 549.99 555.06 556.56 565.13 567.55 560.98 568.13 583.08 598.05 610.29 621.22 631.11 641.73 656.88 684.71 706.71 726.62 751.84 765.91 771.73 774.38 770.94 762.26 749.82 765.2 768.49 762.98 756.35 748.09 744.96 746.58 742.47 741.03 736.84 735.01 748.59 758.51 765.29 774.13 790.72 805.38 822.24 839.46
595.88 598.36 599.95 605.31 611.74 618.06 626.14 636.6 642.14 648.46 653.62 666.08 680.48 690.96 700.02 706.62 712.9 708.62 688.48 665.73 658.49 640.02 624.29 617.11 620.07 613.63 599.72 578.58 562.51 571.09 577.19 577.9 583.59 570 562.64 572.12 589.43 605.73 616.1 628.18 638.13 648.25 662.8 684.29 704.56 718.06 725.81 741.99 745.51 745.35 743.24 738.48 732.07 744.58 752.99 748.49 742.45 732.51 731.86 732.34 727.27 727.72 723.62 731.73 744.66 752.4 758.52 767.82 781.86 796.56 812.09 828.05
577.86 584.19 594.64 607.22 612.95 622.05 632.4 640.58 645.24 651.34 658.24 665.06 677.86 686.78 697.22 704.18 711.93 714.16 693.87 674.43 653.07 637.16 634.79 635.02 633.99 627.32 615.11 588.04 580.15 584.74 592.56 602.73 598.8 566.82 564.26 580.3 597.21 611.66 620.85 633.66 643.96 656.78 670.22 684.52 700.32 706.26 710.4 713.67 721.2 723.07 719.07 717.36 717.71 728.72 738.44 735.31 726.59 719.18 720.58 716.77 713.95 714.03 720.58 731.68 738.21 743.23 751.16 762.33 774.74 788.4 798.57 812.81
575.72 586.05 597.54 602.32 606.06 613.85 627.98 638.72 652.09 656.61 662.61 674.97 682.24 690.55 697.55 705.53 713.93 721.31 701.27 685.21 660.72 654.39 655.83 651.5 645.04 636.93 623.03 598.59 593.39 600.85 604.63 610.93 588.28 568.35 564.85 581.73 599.02 613.7 626.42 636.58 644.93 655.7 664.14 668.77 676.36 683.75 689.29 693.07 700.15 700.25 699.9 701.74 705.33 714.31 724.32 720.22 715.08 711.53 710.92 706.27 703.79 711.75 720.99 723.42 727.72 734.17 743.8 753.38 762.89 775.56 785.06 791.42
571.38 582.09 591.99 596.4 600.88 609.9 625.43 632.79 647.05 655.98 667.23 681.24 689.44 698.42 703.62 708.45 717.21 727.06 712.72 692.27 673.84 670.86 672.78 666.79 655.69 638.93 620.5 606.88 608.17 617.15 619.75 608.98 585.77 569.04 567.15 578.78 594.2 610.85 621.73 627.97 636.39 639.43 637.06 635.36 641.96 659.9 668.88 674.02 680.62 682.29 682.39 683.59 691.15 698.47 705.52 708.81 704.3 701.7 699.68 693.27 702.16 709.26 710.06 711.51 717.7 728.55 739.07 744.19 748.37 751.04 750.33 751.96
568.48 581 592.15 597.65 603.1 610.76 624.04 630.67 638.9 651.1 664.41 677.83 688.11 698.58 707.89 714.05 724.48 732.24 729.08 709.45 693.63 695.75 693.83 681.27 662.21 640.34 625.69 625.13 622.38 630.04 632.91 613.28 587.76 572.09 567.41 574.38 590.36 605.28 614.74 614.88 614.19 612.68 610.41 615.79 633.42 644.11 655.24 663.51 665.19 669.62 668.91 668.28 674.65 682.18 689.06 692.31 687.14 682.94 684.07 691.39 694.21 693.8 695.15 706.43 716.32 723.04 729.26 729.73 730.11 732.42 731.86 731.1
575.38 581.75 590.21 594.57 602.14 609.68 620.07 624.63 635.11 649.13 660.08 672.77 686.55 696.89 710.28 718.73 726.82 736.25 740.68 733.33 726.65 722.52 707.89 691.71 665.82 643.21 642.53 652.04 652.03 652.78 649.06 628.66 598.85 580.47 568.75 572.96 587.01 598.84 601.79 594.82 591.48 594.24 604.42 615.33 627.12 633.97 641.71 646.06 651.15 658.32 656.77 652.63 655.26 664.44 673.26 671.58 667.17 666.98 674.25 676.6 671.44 675.07 683.69 691.98 693.83 694.81 704.56 709.78 712.34 707.28 704.9 709.77
572.68 581.4 588.63 594.36 603.93 610.82 616.84 623.78 635.7 647.9 656.97 667.52 684.08 692.35 702.26 708.92 716.81 727.39 739.44 752.18 743.82 724.71 713.96 691.38 666.81 657.21 656.93 668.9 680.15 672.83 649.45 632.6 612.38 590.19 572.5 571.01 577.96 584.28 582.44 582.46 584.23 594.56 599.29 601.17 606.84 609.6 615.12 624.14 638.06 644.48 644.18 637.33 641.88 650.89 656.67 651.73 648.93 652.4 659.69 652.88 648.77 649.98 663.79 669.91 673.55 678.07 684.91 694.14 698.94 702.25 705.69 708.84
561.29 578.95 590.76 596.51 605.84 612.16 616.31 619.99 625.45 637.34 647.8 654.76 666.53 679.01 688.62 697.62 706.06 718.77 730.68 743.19 743.39 724.24 705.42 691.21 688.33 673.95 672.04 684.97 690.61 672.95 653.33 631.46 615.14 599.88 580.23 572.7 573.02 575.12 578.02 579.34 584.11 587.27 591.34 596.59 602.09 605 611.11 618.22 623.02 624.47 627.04 623.84 628.04 634.4 633.41 633.61 636.95 638.52 643.93 644.03 644.74 649.56 667.76 675.72 677.78 678.51 683.72 688.06 697.32 704.13 706.53 709.22
566.82 579.87 592.33 601.29 602.27 602.7 607.68 613.68 620.23 628.44 635.94 643.71 651.83 665.96 676.05 685.28 696.5 711.2 727.53 740.38 745.5 725.76 709.31 703.34 704.16 698.98 699.04 705.96 698.97 667.2 652.08 634.09 617.58 606.5 593.44 581.78 580.69 581.32 588.41 593.03 602.09 606.92 604.92 609.48 618.35 620 614.08 614.01 616.69 618.2 619.75 620.61 622.41 623.74 626.83 632.24 634.53 639.68 641.46 643.48 649.98 666.77 679.11 687.44 691.45 686.83 683.38 688.91 695.22 703.38 709.64 716.72
573.86 582.08 592 595.61 593.66 596.26 604.06 610.37 615.25 623.38 632.07 640.54 648.72 659.09 667.07 678.25 688.69 705.62 725.39 738.48 747.85 739.71 725.58 723.19 720.98 716.82 719.89 716.9 702.49 666.74 648.6 636.49 623.52 613.32 601.17 600.17 594.61 594.75 605.73 609.04 614.2 627.2 630.05 627.94 630.71 634.01 629.38 623.11 621.47 622.09 623.44 629.97 632.61 633.3 636.23 639.77 641.4 645.63 650.05 653.13 661.21 675.91 689.99 700.26 704.82 703.95 698.82 702.22 708.87 715.07 722.63 729.84
569.76 574.27 583.01 588.52 587.42 589.17 597.88 604.79 610.68 617.52 627.58 638.52 646.17 652.28 657.82 673.22 684.35 700.39 719.51 736.54 747.26 749.96 750.62 743.69 737.23 734.18 734.21 725.76 705.06 672.55 657.79 650.79 634.81 618.9 613.17 621.35 607.57 598.08 617.53 624.11 627.01 633.64 644.33 644.74 647.4 649.66 641.46 636.37 637.48 642.11 644.4 649.48 655.28 656.88 660.71 662.94 658.99 660.58 665.08 669.35 673.48 684.7 700.27 707.17 714.82 717.54 716.58 714.9 720.76 725.67 731.58 740.17
560.91 566.15 571.73 577.86 579.04 582.15 588.26 595.55 601.87 610.12 620.7 630.29 638.88 645.66 649.56 662.76 679.06 696.8 723.19 734.21 745.56 748.73 755.96 759.48 755.79 750.95 746.35 735.35 716.96 684.84 667.4 658.63 639.74 624.94 633.34 636.93 619.75 612.33 626.87 641.13 650.89 649.83 661.16 661.6 664.34 670.81 659.75 647.43 662.14 667.13 670.25 674.39 681.8 685.48 688.99 686.74 675.4 674.14 680.85 687.26 691.81 697.3 704.97 714 722.56 726.98 728.56 726.39 728.42 732.64 738.39 746.86
550.91 556.36 561.07 567.01 570.74 572.53 579.36 585.13 590.21 597.65 609.88 624.03 633.76 638.98 646.26 655.56 671.77 687.55 707.37 726.07 734.14 741.84 747.79 756.56 765.36 762.85 757.47 744.83 729.13 708.41 681.68 663.52 655.12 639.38 654.05 650.63 636.07 625.46 636.67 649.87 666.45 679.15 684.42 678.25 680.15 691.21 682.44 665.41 680.44 691.94 694.78 692.15 693.37 704.86 712.5 698.08 688.99 687.5 693.3 702.91 707.43 710.06 712.93 719.26 726.38 731.17 734.81 733.63 734.33 740.57 745.08 752.02
539.53 545.68 551.41 557.22 563.18 568.02 575.29 578.91 583.39 587.78 596.57 612.19 627.51 632.99 639.87 651.01 663.55 676.67 692.14 707 719.93 727.76 738.27 748 762.09 767.21 765.01 754.02 740.99 729.83 710.72 675.74 671.84 654.03 669.82 662.54 655.71 640.79 647.56 662.24 676.01 687.32 699.64 695.7 694.38 706.13 701.26 682.25 691.47 705.84 714.33 719.92 725.52 730.55 733.94 722.83 702.92 701.7 704.55 711.33 718.53 722.05 724.25 726.91 729.85 734.63 740.76 740.49 738.01 748.34 756.07 763.54
528.67 533.52 543.52 554.32 560.43 567.4 568.67 571.64 575.53 582.38 590.27 604.47 615.46 623.24 631.23 640.62 653.92 667.26 680.82 693.9 707.16 718.53 729.6 741.46 754.36 764.8 769.24 765.51 754.38 739.24 728.56 706.02 680.24 677.91 681.03 678.4 673.4 664.74 657.25 676.88 687.66 696.32 716.49 719.98 716.02 721.49 709.02 694.83 697.35 711.84 721.52 733.01 747.46 755.9 755.99 748.89 729.74 712.38 714.32 719.45 727.27 733.4 733.76 734.61 737.99 743.71 749.01 750.69 746.57 756.96 766.86 774.77
523.56 532 546.76 553.5 560.19 561.11 562.13 564.06 572.47 582.99 592.42 597.43 599.33 605.44 620.02 635.52 647.21 661.52 673.44 686.6 699.94 711.47 720.95 730.35 743.35 755.85 764.78 772.78 761.75 741.97 730.98 713.04 703.96 696.35 693.22 703.02 696.9 684.75 675.72 681.57 696.96 711.68 731.5 735.81 736.93 735.15 723.69 712.46 707.07 719.04 731.58 742.95 756.8 766.97 772.62 762.92 735.29 716.95 725.02 729 734.85 743.66 747.87 749.89 749.19 755.02 760.7 763.64 761.23 766.36 775.7 785.13
519.1 525.36 543.73 548.61 550.92 552.66 555.31 560.48 567.33 578.21 582.32 587.15 597.67 615.25 629.53 636.33 644.82 658.54 669.18 680.84 694.47 704.25 713.89 721.72 732.99 743.65 754.55 764.94 771.03 748.06 734.12 722 727.91 730.09 728.35 718.33 706.01 693.98 683.06 680.86 697.18 717.07 734.64 751.03 754.51 751.67 739.33 726.73 717.36 722.93 734.33 747.12 760.13 770.24 779.75 774.23 745.33 727.6 732.46 736.69 738.96 748.82 756.91 762.44 764.71 768.62 773.84 775.59 775.38 777.35 783.8 793.34
512.47 520.04 531.73 535.46 537.3 540.02 550.61 564.1 572.28 580.64 587.87 596.79 607.05 624.91 629.78 638.26 649.45 660.63 669.58 678.88 690.98 700.44 707.86 715.21 722.95 734.51 742.87 749.9 763.65 760.45 748.36 739.78 740.4 743.06 738.94 724.88 712.51 703.7 695.89 685.6 695.68 713.56 727.21 745.73 760.2 764.38 757.29 746.07 729.62 732.37 740.21 751.46 763.28 774.85 785.28 779.06 753.72 733.18 737.83 741.07 742.67 751.96 761.78 769.06 774.04 779.24 784.18 786.79 786.9 788.06 792.4 799.19
508.72 512.73 517.92 525.67 529.81 539.76 552.13 568.54 582.74 589.7 597.94 607.01 616.64 622.95 627.23 639.85 652.92 662.4 670.4 679.63 689.27 700 706.6 716.06 727.42 729.95 734.17 741.95 750.8 761.76 763.87 756.58 753.82 755.5 752.62 738.77 726.23 719.68 712.13 697.67 694.42 709.85 724.59 740.67 758.13 773.3 779.05 771.04 752.61 748.43 753.78 760.57 772.22 783.38 791.3 787.63 770.83 744.76 741.94 748.54 754.7 756.32 764.46 773.28 781.49 788.42 793.36 796.51 798.76 799.44 802.83 810.04
502.92 510.06 516.13 522.94 535.4 545.79 553.56 568.69 584.78 594.8 600.41 610.07 618.39 622.59 625.87 640.57 652.76 660.23 667.95 677.74 687.44 696.93 707.49 719.56 727.33 738.43 741.4 742.28 745.56 754.92 765.79 771.85 771.23 771.77 766.44 752.27 740.34 736.66 729.06 713.4 697.38 714.7 729.92 745.08 760.59 776.63 791.04 796.43 784.31 772.62 772.63 774.97 784.82 794.27 801.96 794.34 786.08 764.22 748.24 759.41 771.63 774.76 769.83 777.78 788.03 796.25 802.86 808.3 811.19 813.53 815.88 820.99
498.31 511.58 520.86 525.33 530.1 539.61 552.02 563.9 580.27 591.82 598.36 608.21 614.7 619.72 623.88 634.43 649.33 657.75 665.48 675.12 683.63 693.38 706.14 713.18 720.2 727.71 741.3 745.93 747.26 751.22 760.74 771.29 780.84 782.01 779.32 772.98 761.38 754.29 738.63 728.85 711.47 728.41 737.83 749.14 761.67 776.9 793.28 807.18 810.87 799.75 786.59 801.29 808.2 813.86 815.48 806.39 804.45 787.67 776.24 777.67 791.12 793.74 784.05 781.52 791.81 803.47 811.82 817.93 823.02 827.93 834.54 836.75
494.65 504.06 524.79 536.54 541.84 542.4 550.6 558.35 575.28 585.52 595.02 601.01 609.94 615.78 621.52 629.31 643.63 654.96 666.25 675.47 683.18 688.63 697.34 705.82 711.82 719.96 729.29 740.31 744.77 750.64 757.85 766.97 779.32 787.39 789.38 786.73 780.71 770.44 749.07 741.24 725.81 734.34 745.52 756.28 766.32 779.79 796.07 812.93 824.25 827.25 806.2 807.12 814.46 823.61 829.45 827.66 817.74 806.47 799.93 800.43 805.13 810.99 804.2 792.66 794.14 808.65 818.21 825.15 833.2 842.98 853.63 856.6
503.64 501.8 511.95 525.8 546.14 560.76 560.44 560.76 575.61 582.77 592.1 600.59 606.11 613.02 619.48 627.67 638.59 651.79 661.18 670.04 676.8 682.29 687 692.98 703.06 712.11 724.73 736.3 746.57 754.53 761.09 764.19 774.66 785.77 794.57 798.13 792.6 781.47 767.15 751.16 739.09 737.74 747.63 761.66 772.3 786.93 803.29 820.93 834.02 841.72 837.87 826.6 831.6 837.17 844.61 843.16 831.52 824.84 818.64 819.56 816.78 824.96 826.37 815.64 800.87 810.8 822.8 832.45 841.06 853.89 864.36 873.12
