MoSES_2PDF_landslide/Data/hsiaolin_landslide_asc/shiaolin_topo_20m.asc
ncols        185
nrows        111
xllcorner    212862.066839539999
yllcorner    2561457.492088600062
cellsize     20.000000000000
NODATA_value  -3.4028234663852885981e+38
[rows 0 to 31 of 111, columns 0 to 71 of 185]
405.63 429.98 431.35 431.92 433.73 429.74 425.22 425.56 427.33 428.02 426.95 425.54 421.37 411.56 403.09 401.41 400.73 401.67 400.49 392.35 374.51 370.3 372.62 374.72 382.44 386.09 388.34 391.64 399.18 406.31 409.47 409.82 408.6 414.84 428.48 440.44 451.95 461.22 465.02 454.96 456.42 462.58 473.71 484.17 494.59 501.67 497.95 489.09 480.35 475.02 473.94 483.26 495.02 504.09 511.78 519.09 528.24 539.51 550.91 557.52 568.56 576.08 578.82 579.77 578.2 574.34 576.05 580.67 583.64 596.01 610.27 618.8
393.96 415.2 422.52 426.84 429.62 425.64 418.16 416.58 418.99 420.66 420.35 418.98 420.11 410.57 400.38 400.03 399.29 398.36 394.39 387.26 376.17 369.99 372.94 379.13 382.99 386.03 387.89 390.34 398.78 405.66 406.29 407.87 412.27 421.47 432.02 445.54 455.16 464.34 470.68 470.19 467.59 475.75 463.75 475.69 487.24 498.73 504.98 499.66 488.49 478.96 478.71 477.26 484.4 494.51 503.06 511.47 520.19 530.73 543.74 557.23 566.81 567.94 572.03 580.31 588.82 589.26 587.2 587.95 587.04 595.91 613.19 626.07
387.38 404.35 412.1 414.54 421.73 422.63 414.99 409.14 407.15 407.46 408.88 410.38 411.73 404.42 397.36 397.08 396.03 393.52 387.92 380.72 374.54 369.28 372.73 379.25 382.53 384.19 386.59 389.14 396.6 403.71 407.87 414.55 422.76 426.86 435.56 450.5 457.36 463.73 469.24 475.38 481.28 483.31 479.28 475.63 479.23 490.9 502.42 504.29 496.77 485.03 487.08 485.72 482.94 485.89 492.97 500.61 513.23 525.07 538.35 552.12 556.68 559.05 560.86 569.3 578.87 591.49 599.53 599.73 600.25 601.54 617.62 631.24
380.3 397.74 406.39 409.62 410.55 411.29 410.15 399.66 394.86 395.21 395.98 396.95 398.4 397.43 395.11 394.15 392.21 388.51 381.66 377.87 373.85 368.23 375.34 378.77 381.06 383.69 387.03 390.87 398.14 402.33 408.73 424.34 428.22 429.54 438.22 453.42 458.61 462.44 465.84 474.36 479.84 493.99 494.76 487.31 479.44 485.18 496.48 507.08 501.5 491.18 495.79 499.49 499.4 499.9 499.78 502.98 515.64 526.73 529.65 535.2 541.29 542.4 544.08 549.94 561.61 574.22 590.43 600.7 609.17 615.31 623.12 632.78
372.05 394.88 400.88 398.91 399.09 399.35 399.39 394.31 391.8 393.12 393.08 393.86 394.1 393.65 392.43 391.05 388.29 384.69 380.2 376.32 372.26 367.08 372.06 376.75 381.03 384.44 389.36 396.67 400.94 403.54 411.42 425.48 432.32 435.4 440.91 452.24 455.31 460.91 465.49 471.27 478.52 490.05 500.22 498.33 492.54 486.52 491.71 500.76 511.98 498.77 500.72 503.85 510.01 510.4 510.99 514.16 521.03 518.34 515.24 526.01 530.98 531.48 532.91 537.94 546.18 558.86 571.57 588.92 599.44 615.42 624.2 625.86
363.03 383.22 388.47 388.42 388.42 387.8 387.85 389.11 388.57 390.88 391.18 391.69 391.84 391.23 390.2 387.09 384.07 381.44 379.42 376.77 369.55 367.3 371.93 373.76 383.53 390.42 396.04 398.72 401.64 404.09 415.08 424.51 435.48 439.15 444.19 448.24 452.77 460.38 466.12 472.12 478.4 487.1 496.51 504.1 502.74 502.01 502.24 501.72 509.95 516.03 514.66 517.07 522.54 524.74 525.1 523.67 513.93 504.03 501.24 507.79 515.43 515.98 518.79 526.81 534.77 548.89 565.13 577.66 590.68 609 616.64 616.05
353.92 367.4 380.48 382.44 383.07 383.1 385.67 386.71 386.73 387.46 388.81 389.3 389.63 387.75 385.25 382.68 379.86 374.39 376.89 372.54 366.14 368.19 371.64 374.22 386.44 395.76 397.44 399.31 402.11 404.89 417.66 429.72 438.3 444.9 447.38 448.58 451.54 455.02 462.24 470.41 476.98 484.12 496.28 503.95 510.61 511.56 511.27 513.44 517.67 519.91 520.01 524.33 525.14 522.84 519.72 512.28 503.29 495.67 493.73 496.33 500.41 513.74 529.02 538.8 549.76 564.83 577.94 583.38 591.5 601.41 608.85 610.18
354.65 353.75 361.84 376.06 380.42 381.29 382.99 383.58 383.49 383.92 384.94 386.29 387.16 384.61 382.47 379.08 372.87 370.69 369.14 364.32 365.5 366.96 369.25 374.02 390.89 397.15 398.42 398.67 402.19 412.02 421.08 432.28 444.14 450.17 448.97 454.15 453.12 452.72 455.36 462.98 470.34 477.35 490.4 499.65 508.45 518.75 523.32 524.69 525.37 524.98 520.77 515.25 512.11 509.66 505.64 500.13 492.96 486.22 484.38 485.88 501.76 519.44 529.2 544.64 554.25 563.3 571.73 575.73 583.25 597.6 605.8 605.71
355.35 354.25 353.74 354.64 362.68 371.7 376.37 378.3 380.45 381.17 379.64 376.93 378.12 378.3 377.73 373.14 366.55 362.68 364.63 365.51 366.59 368.1 369.71 377.76 395.24 396.22 395.81 400.73 410.13 421.07 427.3 435.84 450.32 452.09 453.82 456.08 456.13 455.93 454.73 460.66 464.68 473.56 485.99 496.99 506.18 514.39 518.58 519.91 520.47 517.57 512.11 504.55 499.66 494.57 489.7 483.22 477.4 475.07 480.92 489.14 501.03 511.78 521.86 538.19 547.85 551.85 560.34 569.1 578.52 595.07 600.77 603.54
355.03 355.04 353.47 354.58 354.26 353.52 354.44 359.42 364.85 369.17 369.74 367.12 365.73 364.06 361.23 360.57 363.05 366.56 367.02 367.09 368.02 369.19 372.45 388.38 395.5 393.52 399.78 408.72 413.28 421.05 428.36 438.62 449.38 451.84 453.8 455.85 457.46 459.86 462.03 463.25 468.06 476.6 483.67 492.95 503 501.47 502.27 503.63 504.63 510.05 508.35 498.61 487.31 480.24 474.47 468.5 467.09 478.35 490.87 499.75 507.47 520.76 529.78 538.17 535.43 539.2 552.1 557.94 571.09 580.66 586.33 591.62
354.48 356.1 354.74 354.69 355.79 356.54 357.75 358.09 358.66 359.47 360.42 360.88 359.26 359.28 360.52 361.17 363.53 366.05 369.28 369.17 369.16 371.91 381.96 392.13 390.57 397.63 407.92 421.81 423.57 422.44 428.78 442.01 450.75 451.71 452.66 453.62 455.46 458.6 461.34 463.56 470.05 480.35 487.81 495.81 489.18 483.22 483.77 484.71 486.2 497.81 504.56 491.42 477.55 467.56 461.2 456.3 472.7 483.04 493.98 504.05 517.74 527.8 530.82 527.1 527.43 536.16 541.1 544.12 558.33 565.9 571.14 573.99
353.92 355.24 356.31 354.79 355.42 356.22 357.3 358.37 359.37 359.19 359.08 357.35 358.42 361.46 362.24 362.85 363.44 365.87 371.44 372.59 372.71 381.56 388.22 388.25 399.04 407.83 419.23 428.45 429.83 430.17 436.71 446.76 450.49 451.39 452.4 453.4 455.55 458.63 461.42 463.75 473.53 485.45 494.74 488.79 475.22 467.23 467.7 468.77 469.14 483.58 494.8 484.09 467.54 454.23 449.08 463.68 473.31 481.52 488.21 497.63 514.7 520.59 518.47 515.42 520.26 526.45 525.51 527 542.63 548.48 554.27 559.47
353.36 354.56 356.14 356.33 356.24 357.32 358.39 358.66 358.47 358.27 358.1 356.98 359.25 360.41 361.92 363.63 364.89 369.48 370.21 369.28 377.86 383.88 393.76 400.08 407.72 416.2 425.04 430.62 435.45 436.71 443 450.4 451.6 451.99 452.38 453.47 455.72 457.86 460.67 464.04 473.02 482.66 483.19 475.4 461.85 452.23 454.15 457.13 462.38 469.65 470.66 470 455.63 443.8 454.62 466.27 472.23 475.58 484.86 494.25 505.22 506.07 505.88 509.6 511.88 513.5 514.23 516.65 529.42 540.69 552.7 560.95
353.35 354.07 355.45 357.36 357.34 358.13 357.94 357.75 357.56 357.36 357.17 357.75 358.63 359.5 360.67 362.35 363.67 363.78 366.01 377.16 392.85 395.76 398.01 402.6 407.98 414.2 423.33 430.54 435.87 443.05 450.27 451.58 452.57 453.64 453.82 453.81 455.65 457.51 459.34 466.36 474.79 472.52 462.56 459.99 451.73 440.79 443.36 447.5 453.01 457.79 453.98 447.9 439.43 442.7 453.54 462.55 467.63 470.67 478.06 487.87 492.56 494.89 496.33 500.31 504.33 505.35 508.06 515.16 524.22 535.58 542.6 553.84
353.78 353.66 354.87 356.69 357.42 357.25 357.06 356.87 356.68 356.5 356.54 357.04 357.92 358.81 359.63 360.99 361.75 363.49 365.7 369.45 377.86 384.89 388.57 395.7 402.72 409.19 416.31 426.06 434.04 445.27 450.59 452.6 453.82 454.75 455.76 454.77 456.06 458.01 459.91 466.51 461.28 454.25 447.63 442.19 440.26 434.38 432.32 440.08 445.04 443.76 438.18 432.48 430.2 437 447.44 453.3 460.11 463.99 469.68 476.96 481.28 482.24 488.69 493.22 500.4 504.49 507.73 511.85 519.39 528.6 544.67 561.36
354.18 353.25 354.43 355.91 356.42 356.26 356.1 355.94 356.2 356.4 356.68 356.98 357.23 358.12 358.98 359.83 361.47 363.11 364.72 367.14 368.95 372.21 381.22 386.78 394.36 400.34 408.47 417.85 428.85 438.66 445.84 450.83 453.55 456.21 456.2 456.53 457.7 459.35 459.35 456.76 447.55 439.67 435.88 429.82 427.5 424.06 426.04 433.2 432.42 428.52 424.38 420.96 433.08 446.55 445.41 443.39 446.37 451.5 457.02 459.8 464.11 469.92 477.72 485.23 490.14 497.59 501.36 507.41 516.32 523.09 536.43 552.15
354.63 353.52 353.87 355.02 355.43 355.36 355.74 356.49 357.24 357.14 356.82 357.1 357.39 357.65 358.42 359.6 361.44 362.71 364.04 365.46 367.17 368.55 369.52 373.98 382.23 390.62 398.04 407.65 420.44 428.87 438.73 447.96 452.17 455.08 456.2 457.02 457.23 456.27 454.3 443.33 432.7 426.35 421.6 418.07 415.17 413.76 420.36 425.28 421.78 416.5 414.96 425.06 441.27 452.09 453.02 452.31 453.14 454.67 458.85 463.06 469.06 477.27 482.5 487.07 490.97 497.88 505.24 513.68 517.7 522.29 532.1 543.24
355.52 354.22 353.18 354.12 355.27 356.02 356.78 357.53 358.28 357.88 357.34 357.29 357.6 357.85 358.22 359.47 360.72 362.08 362.86 363.94 365.74 366.67 367.63 368.91 373.92 384.2 393.18 400.58 412.31 424.08 435.68 442.03 448.06 451.03 454.13 455.22 455.12 451.99 441.06 427.63 417.72 409.74 405.87 405.58 405.92 406.1 407.84 409.99 410.39 413.48 426.57 435.09 446.96 456.07 459.28 458.44 461.55 465.87 470.62 473.19 479.21 484.79 491.16 496.46 501.67 509.92 519.22 522.8 523.81 529.65 539.2 548.65
356.85 354.97 353.84 353.18 354.97 356.75 357.82 358.57 359.14 358.62 357.38 358.16 358.14 358.03 358.07 358.18 359.8 361.15 363.23 365.18 366.01 367.19 368.37 369.61 373.47 381.1 390.04 396.72 407.23 420.93 430.88 434.86 439.41 443.11 445.48 448.76 449.49 441.99 430.75 414.12 401 394.54 396.35 398.19 398.36 403.88 413.62 416.9 416.06 420.94 435.44 439.53 449.27 462.85 469.05 470.24 470.24 473.57 477.29 480.04 485.85 492.65 500.27 505.05 512.36 521.19 533.43 537.47 539.43 544.95 553.15 561.91
357.47 355.85 354.67 353.49 354.2 356.24 358.41 359.7 359.94 357.98 358.83 359.27 358.94 358.22 358.34 358.84 359.35 361.16 363.22 365.54 366.82 367.55 368.28 368.98 371.46 376.75 383.01 390.77 399.84 415.84 425.28 425.33 426.7 429.39 432.83 433.95 434.12 427.9 417.49 399.72 392.27 398.14 407.67 414.04 411.82 404.98 404.3 415.95 424.09 430.45 433.55 438.36 454.18 469.51 475.51 478.68 478.59 479.51 485.34 489.93 495.85 501.14 506.63 512.95 520.09 530.8 543.28 550.6 553.47 557.25 561.48 564.4
357.51 356.48 355.55 354.44 353.35 354.83 359.9 361.23 360.7 360.21 360.72 359.9 359.15 358.39 358.83 359.76 361.48 362.58 363.68 364.88 365.6 366.53 367.74 368.85 369.97 376.19 377.98 385.12 397.74 409.85 412.95 411.38 412.41 415.63 418.19 418.37 418.75 414.45 406.99 394.68 394.32 406.02 419.32 423.64 426.06 422.2 410.46 406.25 415.73 425.27 432.62 439.73 456.62 468.99 478.86 483.79 486.27 489.24 492.58 496.28 501.58 505.23 510.47 520 527.14 539.26 550.9 551.81 549.83 548.65 549.96 554.99
358.25 357.38 356.42 355.34 353.97 353.96 357.46 360.51 361.22 361.02 360.96 360.28 359.63 358.8 358.5 359.26 360.39 361.33 362.27 363.31 365.06 366.16 367.72 368.55 369.15 369.77 374.18 376.56 393.34 399.23 397.06 396.45 397.63 399.2 400.58 401.72 403.49 399.47 394.05 390.18 391.53 406.84 420.28 428.53 435.38 432.42 425.72 413.16 408.54 417.57 427.55 437.51 450.9 463.27 473.08 480.16 486.87 491.74 497.21 501.57 506.06 509.04 514.37 522.58 531.74 539.97 543.86 538.43 533.92 531.41 536.27 543.69
359.21 358.29 357.25 356.15 355.04 353.52 354.6 360.13 360.76 361.12 361 360.51 359.99 358.63 358.88 358.54 360.01 361.25 362.94 364.63 365.7 366.52 366.88 367.47 367.91 368.36 369.4 372.59 386.38 390.14 386.43 384.52 384.46 385.63 387.6 389.48 390.85 389.28 387.21 390.43 394.04 410.66 422.89 432.22 441.18 441.45 435.2 428.38 418.71 412.95 417.97 435.32 446.08 453.1 463.62 473.45 484.24 492.17 500.16 506.69 509.91 513.36 520.03 526.83 528.37 526.32 532.63 531.14 521.49 519.55 524.33 532
360.14 359.2 358.17 357.16 356.05 354.69 354.22 357.46 360.27 360.76 361.28 360.77 360.31 360.64 359.57 358.53 359.63 361.08 362.69 363.93 364.6 365.35 365.9 366.54 367.2 368.4 369.39 371.28 375.92 379.41 375.83 374.55 374.91 377.16 380.29 381.38 383.31 385.9 393.39 402.01 406.04 414.05 424.16 434.16 442.29 450.51 445.53 439.62 435.53 422.73 417.57 421.08 425.5 441.69 457.53 470.77 480.67 488.44 495.92 502.7 507.75 511.93 515.56 517.56 512.99 510.98 514.3 513.63 510.45 510.11 517.74 523.33
360.86 360.14 359.26 358.21 357.03 355.78 355.11 356.97 360 360.51 361.02 361.19 361.03 361.08 360.02 358.93 359.29 360.31 361.41 362.57 363.42 365.02 365.66 366.71 367.91 369.1 370.44 372.58 374.32 373.74 373.31 374.46 375.93 379.34 386.11 392.23 393.6 393.14 400.4 407.28 411.87 417.29 425.89 433.73 438.43 447.33 452.26 448.05 443.1 436.89 433.84 423.1 423.01 437.86 448.63 461.61 469.95 477.82 482.1 487.89 493.68 498.98 501.71 500.09 496.55 496.72 497.37 497.45 498.67 507.23 516.43 519.01
361.58 360.92 360.26 359.32 358.18 357.05 355.7 357.06 359.07 360.21 360.72 361.21 361.41 360.79 360.22 359.36 358.96 360.07 360.93 362.79 363.1 363.89 366.07 367.33 368.59 369.36 369.44 371.09 373.13 371.38 376.76 383.7 384.27 389.37 395.1 400.37 403.6 404.27 403.68 411.95 414.48 421.08 427.06 431.77 436.03 438.91 449.99 453.88 452.29 451.09 446.86 433.21 423.45 424.89 436.97 446.05 450.6 459.58 465.78 471.62 477.57 483.36 488.17 487.81 485.27 484.89 485.3 487.9 498.07 505.8 507.53 511.19
362.28 361.68 361.02 360.35 359.41 358.16 356.54 356.55 358.18 359.72 360.41 360.89 361.43 361.12 360.75 359.78 358.65 359.78 363.23 364.41 364.85 365.63 366.76 368.12 368.08 367.72 368.52 369.61 370.59 372.46 381.28 392.97 395.82 398.76 403.1 406.64 410.47 412.93 415.07 417.12 419.61 423.43 428.06 431.97 435.63 440.97 449.54 455.4 459.24 460.51 454.36 443.01 438.44 437.42 435.55 436.95 438.08 444.65 447.6 449.91 454.8 466.3 471.35 471.54 471.63 470.55 474.88 487.08 498.12 500.8 501.32 505.08
361.9 362.47 361.76 361.25 360.46 359.12 357.63 356.24 357.46 358.94 360.11 360.64 361.21 361.6 361.66 360.38 358.96 359.47 363.58 365.74 365.93 366.79 366.9 366.5 366.04 366.3 367.17 367.96 370.5 372.82 374.85 392.28 397.81 401.83 405.21 409.07 413.71 418.61 422.12 425.31 426.71 427.69 429.2 433.5 437.93 444.12 453.58 460.29 462.82 466.54 464.15 454.01 453.27 452.12 449.16 448.37 456.2 450.65 455.18 465.04 470.24 463.91 464.09 472.8 474.11 469.98 469.45 479.47 486.4 487.71 489.75 498.08
362.42 362.8 362.64 362.43 361.3 360.07 358.52 356.67 357.09 358.76 359.68 360.43 361.35 361.92 360.94 359.58 358.85 359.26 360.91 365.85 365.85 365.79 365.31 364.21 365.36 366.47 367.83 369.15 371.1 373.19 374.5 381.96 393.03 401.34 405.12 410.46 417.58 423.24 427.58 432 432.55 432.56 433.5 436.56 441.85 450.51 457.34 461.82 464.62 468.47 473.71 465.91 466.21 462.4 457.85 461.16 468.55 463.72 456.8 475.06 481.72 478.59 475.16 484.92 485.65 479.6 475.45 474.39 477.83 481.53 484.03 491.38
362.78 363.36 363.27 362.42 361.56 360.7 359.18 357.87 357.56 358.35 359.24 360.07 361.04 362.16 361.09 359.91 359.33 358.83 359.58 361.69 364.52 363.9 362.7 365.71 366.67 367.81 369.02 371.18 372.06 373.28 373.38 374.56 386.91 394.42 401.71 409.96 414.25 418.84 424.64 429.92 436.5 438.13 439.87 442.32 447.2 457.87 461.31 463 464.42 468.95 480.21 480.35 477.48 472.86 467.83 472.45 477.6 476.22 464.09 474.67 485.42 487.91 488.41 497.1 498.24 490.53 487.7 490.48 493 493.71 492.47 487.79
362.79 363.75 363.08 362.24 361.4 360.63 360.29 358.82 357.81 358.1 358.89 359.63 360.59 361.79 361.84 360.85 360.02 359.55 358.8 360.23 362.2 361.37 363.26 364.69 364.38 366.17 367.88 369.56 371.39 371.44 370.34 370.33 379.15 390.96 396.46 403.41 409.61 415.29 424.35 432.87 439.78 443.62 446.04 450.44 456.77 455.85 456.85 460.84 463.05 466.62 472.54 482.22 483.47 482.03 481.25 483.62 484.74 484.12 481.93 477.43 486.21 493.39 499.91 502.14 502.81 499.64 500.14 500.33 502.17 501.51 502.4 501.1
363.94 363.89 363.05 362.21 361.5 361.27 360.26 359.38 358.32 357.92 358.49 359.25 360.04 361.25 362.46 361.88 361.79 360.98 360.03 359.34 360.26 361.49 362.32 363.15 363.58 365.47 367.14 368.74 370.25 371.38 369.73 369.07 371.89 384.37 392.89 400.04 406.2 413.87 421.29 433.82 441.97 446.79 449.2 456.06 459.95 461.11 458.87 454.38 460.17 465.09 468.23 477.82 486.81 487.28 488.86 492.25 494.35 495.6 494.25 490.3 492.32 499.69 504.92 505.66 507.65 508.92 510.42 510.78 508.82 505.92 506.99 509.19
